624.571752209803
689.157800283635
842.294213108387
584.929557015750
684.198986444837
765.505063505123
546.898830259891
434.343359425830
231.486480936218
362.441077527347
194.064644781337
287.082393023333
238.858943457918
369.075310477080
399.013225704114
335.219837677278
427.757544978753
390.749960008665
297.574960497331
413.982409409833
457.080904535670
416.116581551994
457.647763274922
483.537540136358
429.002895576153
468.763192795257
515.418203651670
483.742367441718
489.626794322477
453.678133677797
551.785977954354
598.288210252969
389.179189385541
315.345519243938
504.224585031750
510.995321208669
540.036655480109
492.284813129765
474.720325533261
394.622076664461
505.447205106851
547.201301935513
519.785510292269
646.256131739275
521.815210659533
579.683283754658
578.483149623270
592.860545919942
530.733785635507
514.249404655005
521.206407552485
511.961649516553
549.771385410138
474.976905826777
403.399880612258
536.702236693830
548.763706983990
577.132560203699
309.323186537035
507.484089970067
373.807857402870
355.427306030226
458.008451437363
494.634701833945
397.027310190561
409.658734538618
553.547910468581
391.849158372371
371.179301589720
449.188423957821
425.784989570438
485.738899608715
423.499829035206
418.873802866891
461.459173487618
393.680531460282
403.243291751731
316.357325156429
256.321327770701
310.389678469939
264.300468622987
295.649588565989
328.056227848037
393.418954502693
434.239725427915
336.545158243301
487.683306824291
352.523581314131
502.491911918885
313.694184402659
528.303403634381
459.244859630227
598.686272857811
579.233276447717
572.627242070093
340.148016231091
464.392611508747
526.276964314925
374.753747698483
412.732641111731
277.747060150537
439.625315077771
551.433497823769
577.832923788691
492.897957506707
566.411464164120
471.177891417293
260.204814591533
468.506227163083
531.037480204057
477.234125806297
479.592628262539
484.407985804105
562.797808667851
652.835516159497
622.099815860713
326.356485140299
285.903128515571
509.927006623705
669.087407712323